              precision    recall  f1-score   support

           1       0.95      0.96      0.96      4943
           2       0.99      0.98      0.98      5045
           3       0.94      0.96      0.95      4877
           4       0.99      0.99      0.99      4998
           5       0.98      0.98      0.98      4984
           6       0.99      0.98      0.99      5049
           7       0.97      0.98      0.97      4964
           8       0.99      0.99      0.99      5030
           9       0.99      1.00      1.00      4983
          10       0.99      0.99      0.99      5015
          11       0.99      0.99      0.99      4989
          12       0.99      0.98      0.98      5054
          13       0.98      0.98      0.98      5014
          14       0.97      0.96      0.97      5055

    accuracy                           0.98     70000
   macro avg       0.98      0.98      0.98     70000
weighted avg       0.98      0.98      0.98     70000

ACCURACY0.9803428571428572