              precision    recall  f1-score   support

           1       0.00      0.00      0.00      5000
           2       0.97      0.54      0.69      5000
           3       0.00      0.00      0.00      5000
           4       0.99      0.69      0.81      5000
           5       0.13      0.99      0.23      5000
           6       0.98      0.47      0.63      5000
           7       0.99      0.40      0.57      5000
           8       0.99      0.35      0.52      5000
           9       1.00      0.67      0.80      5000
          10       0.72      0.21      0.33      5000
          11       0.61      0.59      0.60      5000
          12       0.94      0.90      0.92      5000
          13       0.96      0.89      0.92      5000
          14       0.00      0.00      0.00      5000

    accuracy                           0.48     70000
   macro avg       0.66      0.48      0.50     70000
weighted avg       0.66      0.48      0.50     70000

ACC 0.4720142857142857
ARI 0.14037831577648613
NMI 0.538241110899426
hungarian_match [(0, 10), (1, 0), (2, 6), (3, 11), (4, 7), (5, 3), (6, 4), (7, 8), (8, 2), (9, 1), (10, 5), (11, 12), (12, 13), (13, 9)]
