              precision    recall  f1-score   support

           1       0.73      0.06      0.11      1900
           2       0.36      0.31      0.33      1900
           3       0.58      0.04      0.08      1900
           4       0.27      0.80      0.40      1900

    accuracy                           0.30      7600
   macro avg       0.48      0.30      0.23      7600
weighted avg       0.48      0.30      0.23      7600

ACC 0.3031578947368421
ARI 0.007321177740569766
NMI 0.03306942620155523
hungarian_match [(0, 3), (1, 1), (2, 0), (3, 2)]
